# MC 26.2 ImprovedNoise (vanilla Perlin) golden samples
# construction: new ImprovedNoise(new XoroshiroRandomSource(1234567890L))
#   consumes: nextDouble()*256 for xo, yo, zo, then the perm-table shuffle
seed 1234567890
xo 201.87590802559993 bits=0x40693c077044882e
yo 74.995900660456730 bits=0x4052bfbcd61fae7e
zo 81.124875857175310 bits=0x405447fdf74ea830
noise(0.5, 0.25, 0.125) -0.37930872432826507 bits=0xbfd846981984f3c3
noise(1.5, -2.25, 3.0) -0.090197916571810370 bits=0xbfb71735edd7e004
noise(100.0, 64.0, -100.0) -0.12373727684237852 bits=0xbfbfad3f0555887d
perm_table_length 256
perm_table 47 90 95 154 146 65 42 129 73 17 187 114 207 87 232 194 205 137 35 99 116 60 210 227 251 224 36 170 19 72 103 84 120 152 128 160 67 157 8 57 110 172 18 167 217 94 243 182 250 27 43 229 179 75 176 130 212 77 221 118 145 185 29 16 236 255 64 240 44 178 82 69 183 230 104 109 177 189 105 142 41 48 34 254 71 123 97 61 133 206 162 126 127 25 70 231 55 33 156 216 13 184 21 226 228 30 171 134 147 151 214 213 124 49 6 197 169 76 193 51 78 186 190 252 199 102 148 81 115 220 28 46 0 245 98 223 121 131 195 9 54 163 63 141 68 12 244 38 191 153 173 4 239 204 155 59 22 2 215 149 96 117 32 166 234 208 135 144 241 159 235 50 39 37 143 198 132 31 202 85 56 45 111 7 164 26 161 211 174 201 165 93 222 203 180 247 40 15 58 242 188 83 248 62 253 86 138 80 196 91 106 66 11 200 225 249 92 218 79 139 237 14 24 119 168 23 88 175 181 233 107 1 246 158 219 238 100 101 150 108 136 122 3 10 113 125 20 112 89 5 74 209 53 192 140 52
